OHSU1 0	87316326 0
OHSU1 0	87202778 0
OHSU1 0	87157536 1
OHSU1 0	87157537 1
OHSU1 0	87097544 1
OHSU1 0	87133137 1
OHSU1 0	87091244 1
OHSU1 0	87316316 0
OHSU2 0	87230756 0
OHSU2 0	87076950 0
OHSU2 0	87254296 1
OHSU2 0	87058518 1
OHSU2 0	87083927 1
OHSU2 0	87058538 1
OHSU2 0	87254766 1
OHSU2 0	87309677 1
OHSU2 0	87198965 0
OHSU2 0	87312037 0
OHSU2 0	87065512 0
OHSU2 0	87057614 0
OHSU2 0	87102503 0
OHSU3 0	87213341 1
OHSU3 0	87251231 1
OHSU3 0	87327653 1
OHSU3 0	87213431 1
OHSU3 0	87254081 1
OHSU3 0	87325763 0
OHSU3 0	87297073 0
OHSU3 0	87325052 0
OHSU3 0	87282518 1
OHSU3 0	87169516 0
OHSU3 0	87314056 0
OHSU3 0	87116813 0
OHSU3 0	87264624 0
OHSU3 0	87212093 1
OHSU3 0	87311483 0
OHSU3 0	87127362 1
OHSU3 0	87124934 1
OHSU3 0	87154817 1
OHSU3 0	87325485 0
OHSU3 0	87298647 0
OHSU3 0	87283601 0
OHSU3 0	87283604 1
OHSU3 0	87242958 1
OHSU3 0	87270898 1
OHSU3 0	87283613 0
OHSU3 0	87121335 1
OHSU4 0	87212275 1
OHSU4 0	87210296 1
OHSU4 0	87153393 1
OHSU4 0	87153394 1
OHSU4 0	87153395 1
OHSU4 0	87153396 1
OHSU4 0	87152301 0
OHSU4 0	87211280 0
OHSU5 0 87242958 1
OHSU5 0 87157536 1
OHSU5 0 87097544 1
OHSU6 0 87060268 1
OHSU6 0 87197453 1
OHSU6 0 87103870 1
OHSU7 0	87203237 1
OHSU7 0	87103870 0
OHSU7 0	87153184 1
OHSU7 0	87104937 0
OHSU7 0	87253647 1
OHSU7 0	87124599 0
OHSU7 0	87267477 1
OHSU8 0	87144641 1
OHSU8 0	87172903 0
OHSU8 0	87115718 1
OHSU8 0 87309677 1
OHSU8 0 87213431 1
OHSU8 0	87258081 1
OHSU8 0	87324556 1
OHSU8 0	87181753 0
OHSU9 0 87242958 1
OHSU9 0	87097505 1
OHSU9 0	87186146 1
OHSU9 0	87158184 1
OHSU9 0	87283585 0
OHSU9 0	87210428 1
OHSU9 0	87077399 0
OHSU9 0 87254296 1
OHSU10 0 87110886 1
OHSU10 0 87215782 0
OHSU10 0 87069371 1
OHSU10 0 87183439 0
OHSU10 0 87183754 1
OHSU10 0 87269476 0
OHSU11 0 87130528 1
OHSU11 0 87111698 1
OHSU11 0 87139652 1
OHSU11 0 87142917 0
OHSU11 0 87187045 1
OHSU11 0 87111711 0
OHSU11 0 87301251 1
OHSU11 0 87051243 1
OHSU11 0 87130584 1
OHSU11 0 87197456 0
OHSU11 0 87225111 1
OHSU11 0 87130551 1
OHSU11 0 87102456 1
OHSU11 0 87253256 1
OHSU11 0 87140198 1
OHSU11 0 87139647 0
OHSU11 0 87140200 1
OHSU11 0 87301232 0
OHSU12 0 87249110 0
OHSU12 0 87085858 1
OHSU12 0 87212268 0
OHSU12 0 87228899 0
OHSU12 0 87210263 1
OHSU12 0 87169943 0
OHSU13 0 87226452 0
OHSU13 0 87116941 0
OHSU13 0 87323096 0
OHSU13 0 87110258 1
OHSU13 0 87214525 0
OHSU13 0 87325802 0
OHSU13 0 87224527 1
OHSU13 0 87281174 1
OHSU13 0 87175263 1
OHSU13 0 87269936 1
OHSU13 0 87243283 0
OHSU13 0 87157534 0
OHSU13 0 87076935 1
OHSU13 0 87225949 0
OHSU13 0 87223175 1
OHSU13 0 87121485 0
OHSU13 0 87296202 0
OHSU13 0 87186171 0
OHSU13 0 87138394 1
OHSU13 0 87079257 1
OHSU13 0 87158479 1
OHSU14 0 87212421 0
OHSU14 0 87129360 1
OHSU14 0 87210388 1
OHSU14 0 87060684 1
OHSU14 0 87316176 0
OHSU14 0 87181781 0
OHSU14 0 87169464 1
OHSU14 0 87267876 0
OHSU15 0 87202274 0
OHSU15 0 87070096 1
OHSU15 0 87288554 0
OHSU15 0 87200548 0
OHSU15 0 87282184 1
OHSU15 0 87310301 0
OHSU16 0 87324800 1
OHSU16 0 87065523 0
OHSU16 0 87226497 0
OHSU16 0 87097688 1
OHSU16 0 87121303 1
OHSU16 0 87061271 0
OHSU16 0 87141428 0
OHSU16 0 87316434 1
OHSU16 0 87209635 1
OHSU16 0 87311967 0
OHSU16 0 87284248 1
OHSU16 0 87077299 0
OHSU16 0 87215060 0
OHSU17 0 87132437 0
OHSU17 0 87148018 0
OHSU17 0 87193219 1
OHSU17 0 87274739 1
OHSU18 0 87273108 0
OHSU18 0 87182264 1
OHSU18 0 87240759 1
OHSU18 0 87098930 1
OHSU18 0 87269847 0
OHSU18 0 87277988 1
OHSU18 0 87130614 1
OHSU18 0 87148016 0
OHSU18 0 87107363 0
OHSU18 0 87318478 1
OHSU18 0 87168575 0
OHSU18 0 87176401 1
OHSU18 0 87255262 0
OHSU18 0 87077380 0
OHSU18 0 87285506 0
OHSU18 0 87318488 0
OHSU18 0 87301261 0
OHSU18 0 87301229 1
OHSU19 0 87230435 0
OHSU19 0 87169503 0
OHSU19 0 87288562 0
OHSU19 0 87199147 1
OHSU19 0 87311494 0
OHSU19 0 87199154 1
OHSU19 0 87100315 1
OHSU20 0 87055094 0
OHSU20 0 87079404 0
OHSU20 0 87325284 1
OHSU20 0 87191661 1
OHSU20 0 87303579 0
OHSU20 0 87097184 0
OHSU20 0 87192199 0
OHSU11 0 87070582 1
OHSU11 0 87070522 0
OHSU11 0 87070598 1
OHSU11 0 87073382 0
OHSU11 0 87070512 1
OHSU11 0 87070512 1
OHSU12 0 87070582 1
OHSU12 0 87070522 0
OHSU12 0 87070598 1
OHSU12 0 87073382 0
OHSU12 0 87070512 1
OHSU12 0 87070512 1
OHSU12 0 87070582 1
OHSU12 0 87070522 0
OHSU12 0 87070598 1
OHSU12 0 87073382 0
OHSU12 0 87070512 1
OHSU12 0 87070512 1
OHSU13 0 87070582 1
OHSU13 0 87070522 0
OHSU13 0 87070598 1
OHSU13 0 87073382 0
OHSU13 0 87070512 1
OHSU13 0 87070512 1
OHSU14 0 87070582 1
OHSU14 0 87070522 0
OHSU14 0 87070598 1
OHSU14 0 87073382 0
OHSU14 0 87070512 1
OHSU14 0 87070512 1
OHSU15 0 87070582 1
OHSU15 0 87070522 0
OHSU15 0 87070598 1
OHSU15 0 87073382 0
OHSU15 0 87070512 1
OHSU15 0 87070512 1
OHSU16 0 87070582 1
OHSU16 0 87070522 0
OHSU16 0 87070598 1
OHSU16 0 87073382 0
OHSU16 0 87070512 1
OHSU16 0 87070512 1
OHSU17 0 87070582 1
OHSU17 0 87070522 0
OHSU17 0 87070598 1
OHSU17 0 87073382 0
OHSU17 0 87070512 1
OHSU17 0 87070512 1
OHSU18 0 87070582 1
OHSU18 0 87070522 0
OHSU18 0 87070598 1
OHSU18 0 87073382 0
OHSU18 0 87070512 1
OHSU18 0 87070512 1
OHSU18 0 87070582 1
OHSU18 0 87070522 0
OHSU18 0 87070598 1
OHSU18 0 87073382 0
OHSU18 0 87070512 1
OHSU18 0 87070512 1
OHSU19 0 87070582 1
OHSU19 0 87070522 0
OHSU19 0 87070598 1
OHSU19 0 87073382 0
OHSU19 0 87070512 1
OHSU19 0 87070512 1
OHSU20 0 87070582 1
OHSU20 0 87070522 0
OHSU20 0 87070598 1
OHSU20 0 87073382 0
OHSU20 0 87070512 1
OHSU20 0 87070512 1
OHSU21 0 87070582 1
OHSU21 0 87070522 0
OHSU21 0 87070598 1
OHSU21 0 87073382 0
OHSU21 0 87070512 1
OHSU21 0 87070512 1
OHSU22 0 87070582 1
OHSU22 0 87070522 0
OHSU22 0 87070598 1
OHSU22 0 87073382 0
OHSU22 0 87070512 1
OHSU22 0 87070512 1
OHSU23 0 87070582 1
OHSU23 0 87070522 0
OHSU23 0 87070598 1
OHSU23 0 87073382 0
OHSU23 0 87070512 1
OHSU23 0 87070512 1
OHSU24 0 87070582 1
OHSU24 0 87070522 0
OHSU24 0 87070598 1
OHSU24 0 87073382 0
OHSU24 0 87070512 1
OHSU24 0 87070512 1
OHSU25 0 87070582 1
OHSU25 0 87070522 0
OHSU25 0 87070598 1
OHSU25 0 87073382 0
OHSU25 0 87070512 1
OHSU25 0 87070512 1
OHSU26 0 87070582 1
OHSU26 0 87070522 0
OHSU26 0 87070598 1
OHSU26 0 87073382 0
OHSU26 0 87070512 1
OHSU26 0 87070512 1
OHSU27 0 87070582 1
OHSU27 0 87070522 0
OHSU27 0 87070598 1
OHSU27 0 87073382 0
OHSU27 0 87070512 1
OHSU27 0 87070512 1
OHSU49 0 87070582 1
OHSU49 0 87070522 0
OHSU49 0 87070598 1
OHSU49 0 87073382 0
OHSU49 0 87070512 1
OHSU49 0 87070512 1
OHSU50 0 87070582 1
OHSU50 0 87070522 0
OHSU50 0 87070598 1
OHSU50 0 87073382 0
OHSU50 0 87070512 1
OHSU50 0 87070512 1
OHSU53 0 87070598 1
OHSU54 0 87073382 0
OHSU55 0 87070512 1
OHSU56 0 87077850 1
OHSU56 0 87070512 0
OHSU56 0 87070031 0
OHSU58 0 87070582 1
OHSU58 0 87070522 0
OHSU58 0 87070598 1
OHSU58 0 87073382 0
OHSU58 0 87070512 1
OHSU55 0 87070512 1
OHSU56 0 87077854 1
OHSU57 0 87070582 1
OHSU57 0 87070522 0
OHSU57 0 87070598 1
OHSU57 0 87073382 0
OHSU57 0 87070512 1
OHSU57 0 87070512 1
